9064
9709
7237
3657
774
3579
7903
7826
9934
8156
9350
9637
10128
7734
8973
7540
3651
2952
1760
6143
549
633
9728
6101
4262
6279
10011
5443
7286
1102
8844
5855
653
8787
8485
8422
4961
6391
6140
8052
8158
9198
6447
1608
6979
5790
6243
93
3540
2466
6842
7669
3443
4292
3364
9359
8503
8307
5413
5847
4467
4929
1215
6169
3048
5044
3958
4725
6637
8477
6540
586
5264
620
3241
2633
9879
9430
6112
4284
3390
6786
6534
10208
1248
4377
9282
4506
2235
8446
3228
3571
6107
1813
4290
9749
4225
7426
2117
7442
5567
4343
5349
927
5669
2950
2825
4253
9702
696
4431
7457
7257
1821
950
8767
2730
4063
2411
7796
5711
3039
8303
1779
4308
5772
3806
4046
4410
8779
3534
5337
1640
7090
5522
8741
4964
9923
2119
3056
9397
4882
9226
8104
146
7960
9515
5573
9305
9
1431
7449
4985
7553
2323
7474
2132
4724
6341
6208
7037
5275
494
2697
6207
812
9363
75
5276
7794
5383
7148
1218
1125
6895
5103
8047
6002
8534
6827
2961
847
4227
8187
1450
8569
2852
10012
3772
10195
5341
5825
1947
767
9406
3866
9204
6009
3985
7872
3190
90
890
7091
8438
8184
9743
5638
1469
3841
8387
2404
9960
9252
6939
9681
7352
2335
2431
926
6729
1868
3371
9945
4778
4056
5647
7690
5405
52
1853
2634
8715
5248
2801
6406
1233
9740
5422
9738
4695
2989
116
9439
4102
2228
8277
9446
6697
7350
2666
6302
4965
9641
5942
4657
7097
8617
1656
6068
8246
36
103
1374
5183
2010
10037
5691
6046
6898
6151
1521
4948
2294
8069
7758
806
2548
2248
6970
2315
2753
2453
10057
3457
1443
1069
3378
4775
4097
3290
8252
801
9815
529
4104
5339
122
6214
2985
3097
9402
2120
7531
9129
4566
8718
6800
2456
5500
3490
3031
4521
4968
1922
1412
7394
4473
7035
874
10154
7275
9804
3004
3857
10125
4600
1065
4250
9900
7473
4716
216
7272
1419
1366
850
1240
8258
4973
7912
3762
6891
8997
5018
683
7494
4862
5208
9544
7253
4145
5006
5283
8205
1224
1370
6104
2964
9742
8265
9164
4518
1000
9018
4928
3614
6141
5794
9584
6171
9526
5212
712
5465
6765
7276
697
652
3406
629
193
3578
9487
6339
3353
5478
6067
2420
34
2685
4411
6890
5487
763
7180
7995
424
5325
5093
5379
8646
7833
9110
10135
8785
5207
17
7142
5664
4729
7879
4150
9896
6843
6121
5981
98
9024
9647
3355
9048
6471
10126
5626
8071
3724
5873
5351
7813
8146
6226
1426
7962
9857
4665
3882
9655
8792
9587
2430
7906
8947
2424
3391
3933
2960
91
9823
8587
7704
509
1192
2310
3884
8736
1122
8198
3100
390
1920
1544
191
805
5967
9921
4159
4143
10105
6415
10176
1641
8049
9448
7348
1298
9774
769
2797
536
7363
1275
2210
6495
9192
2385
7041
6969
4897
9627
9497
5589
473
690
527
3217
384
7768
2152
5278
6389
4124
833
1635
2137
531
3606
2128
2313
4157
7745
3074
436
3520
2372
3329
4296
2604
7342
9464
4119
2968
8257
1787
8337
2398
1863
3861
4843
7675
4643
9922
1774
9557
4171
8940
6346
4178
2857
5586
5494
5057
1214
10121
365
1659
7436
4065
2106
7781
3051
8776
9858
2677
8566
8751
4651
85
4846
3289
8546
1546
414
10045
9542
1966
8396
4789
7376
1729
3201
5853
2405
7797
6199
5342
5535
25
9555
7574
1614
2121
10104
9529
9970
3338
9061
9325
4477
1533
1590
6814
503
5024
9443
1643
1232
553
1936
1131
1558
4529
781
510
8037
8381
8171
3900
9012
2190
3017
9072
4448
6248
9645
9692
6301
6161
3013
6775
567
62
2316
8754
2549
7067
5922
10080
3880
8728
1717
3119
5483
8013
7403
3821
3851
2812
3797
1137
4738
3054
8735
2807
7602
4275
132
6052
3807
9243
2965
227
4205
4908
5569
6851
2373
2130
5118
394
9105
6538
9058
149
7855
7720
7887
3718
4900
3447
5904
3211
2647
2418
5523
7055
2279
4294
2523
6359
2656
726
4590
4822
4416
8951
1019
54
8131
8399
2935
7686
4795
4618
9508
1151
1502
6461
7634
3748
7311
6682
4970
3551
1219
7782
2707
5214
4114
4500
7554
2073
5513
4220
5712
1703
4896
4369
5099
4907
9491
7242
3203
4164
10209
9037
6190
3621
6862
9038
8203
4632
3400
7910
1364
7007
4414
7153
8540
4626
7550
6372
8881
196
1835
9541
2705
2362
4515
4856
3629
7306
4902
5100
9510
1294
7059
1382
9965
1929
4920
836
672
5562
2757
5347
7295
8796
2721
9271
5519
9326
9760
5910
5803
7297
7354
1423
7727
10111
951
3781
2365
6703
1089
1463
6883
8985
1704
2247
219
1375
4750
9010
1274
6977
9162
3132
6808
198
9904
842
1553
2089
5957
3350
3347
8622
6822
3173
1079
4996
6030
10192
5400
2496
88
9142
8291
5047
5213
655
2941
4361
6625
8050
4585
6564
5128
8101
6871
3959
9513
10047
6826
660
4398
6412
9423
8006
1572
9876
2421
7914
2673
3418
5189
9494
1041
8275
387
3292
6066
7190
8677
5334
10206
3879
3138
1724
356
4813
7056
8480
7784
7555
4110
9091
2690
798
5492
7502
264
9916
8512
7801
6632
5784
9661
4689
4580
790
7266
9617
318
29
9953
2991
9185
1442
3269
3783
428
6652
3339
7505
5390
8305
5127
1515
6986
3494
28
3672
9177
7941
9826
2969
6433
7040
5115
9862
3127
2571
5596
8058
6619
3570
8815
10107
4036
5584
1560
7145
766
2722
1391
2778
5371
9023
6075
4648
4696
1905
3446
4434
3318
2655
6042
2433
9076
2980
3576
2123
5830
831
6634
8193
2196
8684
9977
7167
1960
8167
8758
10181
144
5425
1783
3564
9286
8550
9634
3774
2308
834
6695
1038
7082
913
4683
5061
2124
4857
5994
8744
6289
5049
10205
495
3009
2588
9080
9079
1390
4528
8946
8306
6617
1850
1874
2997
9375
4851
1280
3337
10169
9496
2034
7949
1637
3852
9571
6793
426
6020
5355
6120
981
1909
5412
7366
8624
4558
8447
8466
1838
18
8978
991
2511
301
4605
490
9990
7020
9577
7599
1007
485
7072
8315
7951
9186
4368
259
4918
3331
4059
5350
8732
9930
4488
3870
3084
2410
3982
1372
6548
5963
8054
2476
9796
3633
1999
607
1281
6771
8774
6288
8853
10085
3008
1120
5452
1094
1332
8969
4342
4426
1070
7206
8900
302
6638
3075
8671
288
1505
5289
8932
6868
1061
2806
9671
6276
9936
2737
4348
2325
4967
995
5287
4548
6416
4147
7084
8382
9429
9739
5521
2693
420
5441
9850
2599
7828
9954
7428
1802
4424
1573
2063
3120
6116
4959
9280
3146
2177
10199
7032
7693
8111
2388
1256
845
3021
984
3934
1464
6914
2555
1013
7612
328
1495
8532
2041
5409
3026
5960
568
8840
9297
9070
608
8549
7876
9548
8319
5391
7559
9181
6410
3379
1129
8194
2400
20
3561
1297
2460
1105
3697
1156
7243
3136
8100
7803
3972
9986
8065
6754
7853
8519
2481
8416
6378
2819
159
1754
8518
7432
1784
8631
4688
2176
7662
7953
8813
9613
6554
9976
8000
8331
2053
3487
3848
2184
6222
1185
2792
9416
8988
1404
5021
792
6005
4712
9108
6601
967
6664
5399
4382
3448
4615
8402
3572
1723
9694
3381
7644
9707
3863
1611
6203
9522
3285
58
7681
4479
694
8370
2925
5950
3583
1200
5219
7978
2078
8699
4997
5083
2845
1762
945
5779
6361
3005
4875
133
2014
7089
2396
7809
9772
7220
6206
7273
3022
5823
2447
3991
2603
4358
895
1247
9147
6286
5032
10150
1367
2683
7642
5905
26
7763
1235
3199
8352
9030
3735
4335
7731
3466
1475
7110
3604
1181
9339
7445
3196
6645
839
8132
7334
1054
8625
1609
3474
2434
6270
9199
7779
5168
4869
9600
4399
857
747
3529
938
1018
2480
6352
9539
2572
8413
979
1931
9614
7099
5753
1264
2045
2840
1702
8560
4587
1180
7141
111
5708
6880
4584
3282
4612
1749
222
1982
6264
2751
1425
3475
3214
5461
2147
9843
6268
5817
207
7336
1664
4339
9516
8341
3044
7092
6103
3240
9941
2623
3535
2540
2266
8704
4332
922
3049
5896
230
10203
617
3189
2329
910
6658
1217
3560
10048
7069
678
1556
5140
5673
2384
2836
3669
307
9272
7456
1662
4780
8443
8610
1058
7556
3849
8372
4271
1531
9865
3360
49
7034
8404
9032
9974
3492
3311
2270
6233
6807
3518
4614
1099
8824
4238
1965
7201
9093
2474
6265
7038
656
3440
1352
3080
10110
6458
643
1604
9345
1335
4861
7650
3649
1196
5677
492
7355
1549
6491
9211
5681
9608
1644
4745
1167
7485
6579
8501
5381
8114
2631
8941
8960
5797
3327
1597
751
5868
3911
10151
4987
9103
8745
7908
808
484
9146
1293
2188
8944
5079
9202
8597
8994
2232
4364
7707
10133
8217
7915
732
1649
7834
5331
7770
6821
3747
7489
2877
3394
5056
1457
7600
3424
1550
3550
1851
1491
9620
2873
2162
591
6961
8472
417
3374
9521
3887
3668
7164
9383
3733
5671
8096
8656
8658
6784
9247
10087
10091
2748
5470
1753
421
8255
2882
6886
8235
6902
2381
4889
3951
9638
2091
7058
154
4821
5471
7407
8151
6
2789
5990
505
670
9462
10210
6033
8838
997
3216
2774
9540
8626
5434
1410
3964
5251
7361
8436
2601
9779
1479
4268
7139
5780
7946
4815
1748
4877
6241
8663
2533
5464
9771
5792
4656
1
3961
7821
10174
6308
3919
2072
3471
9996
2403
4709
8423
405
2098
65
3556
618
9811
7654
10077
6573
8724
3973
2046
6892
6779
7230
5427
5505
9229
9837
2286
2646
3363
8543
2734
9597
2833
3759
2779
8154
6228
6376
4464
9942
8007
9197
5719
1861
4589
10021
3547
3343
3296
7938
438
1225
7780
409
6995
1449
8400
557
2441
9543
6514
8365
1750
2026
4404
5542
4916
1288
6536
269
3252
6999
2910
7410
5186
7630
1587
8804
8334
5005
411
5064
10204
622
1771
5812
3124
6941
21
7128
2064
5188
2085
2291
461
7397
8630
3002
5696
5242
835
3283
1734
11
6040
8507
1685
580
6014
9312
2321
1916
6443
8771
8514
9898
7718
4935
4016
6561
547
5215
1499
3213
2837
9294
7847
9444
996
2678
2324
4242
5742
4152
7107
7408
8950
3462
9466
7546
9505
2309
9660
9456
9670
4168
5561
688
5364
5869
6282
174
8781
2870
4129
762
8072
8959
2156
6099
581
9695
6570
546
370
9598
3444
1959
10013
7235
7643
5514
7025
791
2223
4455
4390
7890
6400
8747
4165
6584
5246
4788
9565
1056
2122
1692
7795
4871
403
9400
6238
10022
5387
5842
7222
2305
2595
6674
309
5751
2913
735
6691
8087
10004
8084
5880
1118
2170
2224
6797
5344
693
578
5447
4844
8567
9292
7935
7825
1666
6446
4351
3979
3476
4170
5002
10071
5650
9137
2317
10144
5017
7732
3463
6631
1688
9686
6549
6957
4668
10023
4592
2090
9778
838
6855
1522
5601
2031
1856
9250
1198
224
9744
6134
6309
8596
6618
10064
4153
5697
8882
2468
1768
8826
2191
6745
3714
9918
1551
8461
9884
7589
574
1770
7200
1119
5165
3557
1907
3077
2791
4768
3536
10114
5416
5113
2473
5538
4971
2616
9575
2733
8339
10095
6481
7991
1620
3941
924
8642
5701
8616
3308
3736
1603
1326
4447
5284
1480
6242
3113
118
335
8481
7694
6997
1713
10092
5726
4174
9022
9564
10075
8228
6018
5237
7807
5966
6693
6569
8996
10202
990
1566
1979
5563
1842
7515
2650
6889
5411
7004
2798
2562
1963
3978
6132
8682
1311
689
9952
6147
3659
4610
3413
2995
8245
8378
2901
9530
5386
5653
2491
4640
4571
721
6959
1996
5580
3437
6170
7950
4849
4773
2356
9642
1859
4991
8375
2097
9731
5609
6062
8513
3410
134
8954
5418
9457
4270
5633
1700
3597
6100
983
9482
7590
3580
5682
5438
1535
9338
1667
3710
9978
8930
6290
9340
9586
6449
2105
929
6610
8130
9881
4422
5545
2025
1889
8508
8918
179
3095
7060
4755
5877
5680
8166
4533
1030
3320
2271
1898
3110
1811
2564
6798
4450
4512
4070
3987
7765
1548
1320
706
6913
886
4942
5037
8460
3688
6804
647
3215
7444
9733
8169
3522
9404
2183
7053
6924
6109
2249
190
1088
7579
9308
9321
9113
6733
57
3903
3616
6093
5312
9762
4182
6735
6588
6521
2208
4514
9500
9020
5798
7172
1577
1140
1891
548
6854
5799
4082
2953
7688
5892
1676
4307
4891
9441
2250
3439
7897
5827
1807
3007
9797
7098
9274
9777
6815
619
8075
8511
6535
1350
8036
3359
6438
8773
728
4173
4412
2931
5666
9413
7173
939
324
6179
4442
9712
7990
10038
4061
7719
5360
987
6364
5273
753
257
3600
1860
2011
5309
9887
2850
9939
9926
6947
9690
8539
366
208
7443
5826
239
2044
9869
7567
3751
4344
163
8898
5323
8805
4984
2544
181
4599
5126
720
6900
6180
5581
3660
6232
2822
4833
4976
8526
7697
2052
8958
1873
9384
6351
3966
7303
9968
5667
1097
7472
978
700
2805
1417
7136
823
6029
7682
4054
3770
9403
1570
9059
8405
3091
105
2576
10148
1134
9979
5844
1691
8386
9002
4466
1028
6480
2340
3939
1761
9143
4385
9576
8618
9610
3992
9664
6646
9373
6131
2914
3341
6647
8397
9387
9870
3333
520
9388
8164
1764
7814
2484
3514
7008
4132
4530
4880
10029
4924
232
5430
8300
8845
9623
3776
6247
9615
7817
9606
7065
6927
6083
2902
9872
5598
4475
3182
717
1569
3567
1728
4337
5595
1409
6916
5109
2528
42
1067
9056
3229
1986
2975
6582
4960
3468
9331
3135
9683
187
249
9241
363
10025
9532
7079
2606
1276
8005
7633
8850
7088
8496
2771
486
9982
3486
2435
2702
5555
919
8089
1231
7152
9336
8861
1765
8643
6097
9278
4641
6512
4267
5544
1272
5304
1279
5918
1613
8497
8938
9981
5016
3533
7705
2159
5765
2290
2785
7214
9167
7468
6659
450
7274
9203
5793
723
6799
6173
2769
9246
6095
5169
5506
203
7984
3769
840
594
2776
2632
9525
3830
3076
3188
7123
3956
9258
9307
8709
8421
2186
1818
6305
167
7113
5746
8931
583
7925
5195
3096
10058
8440
1014
1046
9036
7802
6332
59
6972
6839
2662
9309
7218
5433
2039
8904
1997
657
9001
8092
3071
7302
4769
4692
1514
3284
7742
1721
9697
3315
865
5254
888
4983
5257
4320
1638
7867
5159
9928
8673
4457
327
8922
6777
7401
6917
2575
2881
4878
7074
3399
7420
6864
8793
3175
9705
638
1654
8412
3
6852
893
4560
779
2172
5534
1396
2349
1903
9346
178
610
3622
4776
2843
4490
9550
3793
8110
5594
275
1244
3258
9392
10113
5761
8772
2076
8522
5370
7974
140
5031
4186
413
5747
2920
5548
2054
2957
9117
2754
7001
8320
6329
575
4386
6606
9795
3739
9484
9506
2017
6429
9358
5913
6262
277
4198
4904
9235
7309
143
3541
64
8780
6812
4502
8467
3243
294
7294
702
2006
5201
4576
1882
3950
2586
3498
5738
5644
8282
1253
9880
4767
2307
2115
6158
722
6414
3038
1436
9527
9759
5954
863
1904
1402
7577
6452
1263
7304
4256
2589
4859
7982
7538
4080
9736
120
4707
4074
7170
1302
2674
3624
8021
8574
10033
3652
5431
3786
963
4128
5890
3696
3082
3249
5613
8803
5934
10055
6906
6444
9971
8350
4280
6122
9046
10124
2155
3484
6614
7509
9092
5628
8390
5590
398
7100
10163
7192
1857
10132
773
5025
6694
1972
4598
6527
7042
1344
5091
4010
7490
9519
5776
9821
1562
2847
6465
3702
6419
4033
9834
9343
7430
5688
3224
6503
9219
5902
248
5250
1684
8623
8746
1430
7114
5649
3914
9228
2200
4743
8570
5166
6912
7777
7996
341
5895
8186
6485
4511
6867
1060
6881
585
5504
1892
130
478
2312
8894
6748
864
2276
6861
375
4026
822
8983
8986
4930
10040
7994
1445
1387
8848
7625
7437
5998
6785
7075
4203
3143
3101
8852
9580
4583
152
7483
7964
9175
7481
3346
5807
9269
4088
2320
878
698
255
5053
4719
3402
6556
8806
3019
6274
4269
7175
10179
9846
2243
2816
5218
9861
3844
9701
1928
5982
2559
589
357
5949
4190
5163
9328
3613
10068
8116
8679
5969
2618
1925
38
2796
8267
3207
8127
1900
9026
165
9470
5279
3369
2366
7608
5259
463
5421
2059
9988
7324
2033
524
9537
5517
9899
72
7439
4130
2222
6991
730
2592
10086
746
2835
3838
1629
576
3035
3976
1820
7497
2512
5467
2281
2455
4551
9090
7638
6893
5138
3825
378
305
8891
9863
3758
6841
613
982
1934
3626
2680
759
5320
1618
1588
4219
4936
1633
2236
7750
9706
4933
5559
9447
9852
8729
1213
6292
9208
5533
4559
9832
5070
5234
9574
9812
4243
7667
3123
9913
3489
2287
7921
4763
3752
4702
7248
6845
10140
148
6975
8743
3516
4685
5063
4981
9649
4133
8469
4704
392
1953
3756
1471
2782
1053
4273
202
9225
777
3460
336
8041
5095
7708
635
7659
6515
7551
6310
10084
3310
7668
8377
8790
4047
7073
5713
5149
1827
9758
9727
8475
5076
1693
5132
5030
1712
4524
4732
2331
1914
4387
2890
9836
6177
9298
7217
1413
8957
4914
6724
5096
2216
1706
6998
1282
3913
1538
8878
6768
3725
8869
166
7189
3993
9481
1017
6723
2102
7379
2096
5944
3181
7715
5365
6923
4239
2328
6092
10194
1794
5456
8875
8664
3766
9867
2551
1255
4231
3156
10074
2241
9782
9805
8995
6381
6319
9144
1357
1559
4607
4044
5972
8841
6313
2100
1029
4998
9172
5557
2927
3336
664
5743
8720
7932
6901
7852
265
9889
7290
4221
936
8711
6823
668
8602
9109
2567
6091
9317
6212
4519
1063
2516
4855
9737
5082
5995
2849
7421
1349
4919
7459
2374
458
1806
8157
3526
3577
5486
9393
1946
5260
2118
3778
7251
7134
9268
1823
5999
6459
1740
6027
6988
4064
7671
2432
8343
1269
543
4917
1720
6074
2332
5019
1814
5876
1348
2651
9888
2406
9807
1448
1188
5510
1567
4215
7154
8812
380
623
2336
6291
6649
5193
7730
2061
3954
2040
6962
2075
5717
5204
8520
3771
1930
8857
5971
6384
10042
4318
1941
2844
7161
8356
5898
2285
5493
5098
480
7450
2724
107
9238
4797
3206
1888
2143
3648
6007
6455
8195
4200
958
9300
8672
2954
1160
2821
573
8599
6628
755
5321
2180
6967
125
483
404
372
8281
1057
2387
3617
6145
6796
3291
8510
3823
4208
10099
7754
4161
4986
5861
3250
9631
5839
1917
6464
6382
7229
9800
7888
3834
9009
9763
1799
1006
1980
8189
7510
442
9935
6166
8977
8637
10147
195
1340
1483
4427
6955
2744
7453
2596
6870
6557
5161
9169
4282
3962
8355
8905
1048
9270
4836
7262
8495
7160
6806
3662
5928
2612
7564
8358
3809
1537
5714
7724
8042
6526
2371
994
3451
5274
1446
3877
7409
8073
6186
9578
5314
9957
3230
5060
9248
1075
7360
640
8044
3833
6853
7292
540
8009
7364
10082
5454
9127
3603
5170
7135
6653
9262
2483
4397
2165
9322
5565
10162
3438
8608
6738
5937
1392
9668
2274
5263
7916
6904
2706
7922
7923
6377
47
1380
1420
5757
496
3286
6079
9112
1455
175
7539
2783
1358
7530
5449
304
4
4324
7587
6728
4158
7186
8136
9799
6767
2173
8312
9997
7933
3681
5953
9216
1371
6386
2080
4149
7269
6884
3409
566
6831
733
5145
9121
2800
3763
889
804
6524
389
6299
9149
9849
4002
6684
9140
7368
1932
6516
2875
1414
6354
147
5435
8632
5241
2587
2834
4845
9249
6069
4887
4520
2830
3947
891
3239
9471
3845
3794
8925
4921
8935
9754
6424
2938
3507
8703
4400
1315
4507
518
2415
7013
538
3679
7649
7735
9840
4792
9680
4994
10001
4089
5178
4127
1592
8554
4835
3839
2478
2299
8209
7837
6003
7118
2158
7382
4701
5782
5987
2981
2541
5543
8819
7244
4492
750
7549
8457
4439
6863
5040
3225
5177
9344
4722
5553
8982
9553
4556
4550
2065
4622
4029
2114
8757
8441
7093
299
8964
8062
6053
5363
283
7138
5656
2101
4123
5249
5509
8590
5394
1822
3300
5468
7115
8810
8548
5693
5097
7827
602
711
1751
1341
9414
3638
9190
4470
5154
280
3975
2458
1738
8907
3537
7851
6834
6008
9790
1911
784
5240
7071
3563
8083
7256
7233
528
2519
8525
3222
5133
6076
1697
7578
3064
2966
855
10191
7751
2378
3134
422
7305
1606
9560
2009
4272
3046
1022
4963
8764
9031
418
3372
6860
3023
5123
8584
3421
2863
6413
9176
1076
1862
2574
7603
2355
6663
7557
7508
10138
4323
6426
5256
8693
7415
4370
2134
7918
7165
3244
9139
6148
4568
71
4125
8968
4823
4118
3673
8140
9844
10030
4345
76
1776
593
4146
361
4903
8309
9682
9883
4540
7769
8505
6858
3595
3342
3033
8183
3362
2858
2923
9785
6047
6297
9254
4504
4244
4366
4561
8641
3108
1064
5635
3194
745
3356
401
2437
8521
5340
8595
2781
101
9028
2715
7120
3375
5511
9353
646
4542
4910
2831
9776
1397
3661
4453
6343
2534
8020
8537
813
3233
8431
1866
4392
786
4440
844
3257
4214
5120
5540
7743
8921
9769
5066
7698
4901
6072
9214
5043
8529
10108
8822
4759
2775
6218
9675
6788
4710
6085
9919
6369
1015
2962
9723
4008
8621
6740
2306
7759
6463
9485
8598
8468
1516
5135
4636
600
3107
9407
4535
7390
1429
1699
8093
2729
3846
6523
894
8945
5627
9178
4659
7487
7016
6350
9180
8797
4926
7435
2813
8846
6278
5908
2198
2814
3842
6285
3312
386
1086
5620
3971
9699
555
4825
5917
7957
3627
5174
8902
4181
8459
2594
9747
8592
2024
3974
2859
8260
1283
3301
4828
1988
5088
7927
5299
8128
630
4565
6349
1210
5117
8321
9207
8717
3601
4043
3416
8854
592
1831
7225
9329
6825
8737
4847
7670
4814
8750
278
8219
1493
7083
5353
9725
1300
5924
439
5736
5417
2739
6951
2244
2353
1252
5891
7433
7158
466
172
4067
1408
8091
3114
9360
1207
7137
3680
6690
7570
764
8393
2416
4051
5187
6810
993
2911
3608
7881
185
8082
6651
9585
5481
3200
6629
2609
4096
930
3997
6602
8970
2126
10182
10024
3297
8712
8430
8367
9639
8313
1791
3281
4972
6118
6065
351
7321
9068
298
4884
856
8308
5012
4630
5788
4356
2505
3158
6204
8152
10002
9556
9266
7929
9859
3351
2583
6441
3309
5901
9453
102
7131
2869
6128
2413
2838
8268
9528
151
2168
559
8648
4708
4675
5
3000
1077
9310
6472
5485
8856
2508
4207
9722
7193
9014
124
2924
5983
1962
3043
6762
8150
9157
6510
1694
3544
5816
9232
7116
2959
8102
3779
9116
4786
7896
4501
7582
2550
6150
2736
9658
8231
4760
317
1601
10070
9077
1581
6707
1211
2464
2259
4363
1266
2129
3674
8439
2379
9619
4638
6442
7163
6836
1020
5010
6734
9480
972
1876
1484
3415
4549
7798
4777
1568
2185
1468
206
8153
4715
4619
231
5775
2948
1910
6263
7808
3087
6716
2904
10019
10153
6541
273
6163
6318
4394
9472
2504
7985
1758
331
1472
5768
5316
6976
5042
1832
7006
7147
4870
6803
8180
3691
435
3938
7572
8937
1622
70
9242
1875
8756
8474
6711
2503
7215
4794
9711
3741
4349
1220
2265
8851
8874
1360
9479
2240
8842
6937
2621
5592
6755
3493
5139
214
7011
3073
2895
992
6654
4810
1812
7766
8066
9830
6899
4691
785
3259
7043
8713
4197
6848
6077
8748
634
4703
3147
289
8454
7939
5484
1580
8635
5442
10007
7656
10062
9476
4594
8147
2585
86
5974
5878
9616
9991
8348
4115
959
1383
9060
3380
4952
2212
7169
9240
7894
7208
3383
10118
8200
412
7619
2001
511
6761
2492
4175
7954
6989
1103
544
1186
1295
9492
7234
9260
6108
1844
8814
9019
9445
3099
2136
1107
6838
3953
8552
2718
5709
988
9263
5965
381
1870
79
8398
164
9581
9504
7517
3916
3517
4705
6533
4687
2070
5317
707
3553
8117
2713
452
2804
7537
6563
4557
5144
8654
8889
8686
8427
875
6125
3117
470
4913
3819
5157
5706
2529
3754
4261
1163
6506
2676
582
8620
4255
10067
8953
6950
2020
5882
4993
2195
4062
9567
4841
1494
3426
6546
1173
2234
4604
7018
10096
3144
1815
10190
4496
7573
10109
9166
7987
7955
3104
1789
5382
3464
6974
6795
5623
5674
117
9713
3461
8329
8933
6390
6747
636
3047
8963
4939
9330
1881
6721
10139
2681
3264
6411
10052
6500
5455
6333
4853
329
7249
8678
1906
1968
9217
3943
8674
3530
2008
5564
1971
8208
5549
7068
5692
1839
1602
7513
5646
989
7937
4471
5067
244
7703
6407
1259
126
6739
5171
2732
6269
4461
4134
5828
4081
6678
3872
4879
6542
6335
5227
6727
5395
2887
9822
1421
9381
7936
6437
9787
2494
4375
8172
4673
6949
2345
1714
9174
7062
5745
606
742
9379
5051
200
7977
2399
9128
5984
1788
9764
7664
7351
5292
1270
1197
3813
961
1983
5151
9171
8962
2049
5978
114
7716
9135
4785
4302
1091
2638
7832
5222
1711
3591
10186
5619
6399
6715
1418
8310
7127
2066
9474
2929
3508
385
9835
1634
897
8619
8261
15
3294
10172
8292
9622
8354
9755
5369
8733
10078
7119
1254
3161
2479
6612
824
3977
8634
3873
4957
953
498
8811
4944
1427
9775
10189
8327
9824
6182
2203
4437
2042
2337
7356
1949
5725
5897
56
2987
8817
7569
2871
8638
2498
2615
9323
6931
9793
8517
6657
928
2297
1709
5916
6791
5035
9101
3102
4160
419
8486
2944
6844
138
2443
2397
7199
4574
9078
493
644
4139
4606
810
2363
2704
7892
4195
4075
9348
128
9838
5153
5001
7051
8222
5419
7372
5741
3025
1736
9975
8614
3270
7804
2253
9885
4579
6261
859
3923
3314
8892
7712
2949
282
7738
5335
3521
2408
6379
3775
10193
4183
5931
8956
3179
8917
1990
8591
8577
4628
8068
9382
6559
6594
6393
221
3455
2897
1359
6805
8333
907
5460
5860
9039
9689
4025
8357
1589
6110
1136
2971
6201
10061
6487
4172
2202
3169
2231
3242
3499
1454
8834
6080
61
1164
5143
2369
648
9523
770
3719
7516
1066
50
3154
3515
5639
1296
43
9251
2245
9372
4898
437
1836
2809
9395
661
40
6317
9408
4711
8420
8284
3122
5426
4739
3640
1527
4563
3030
10165
2703
7961
7429
7405
9878
9475
4247
4049
1083
6640
8538
9745
1027
1406
7864
5027
2909
258
5502
2367
321
4334
5288
8227
5903
1202
2375
8134
1668
3185
5420
488
5300
3655
5228
1698
5655
6490
3067
8426
8489
9907
2553
5358
6064
4737
8527
8832
9011
9463
5306
5881
6714
306
4347
8216
8048
279
6133
5802
4899
4820
1513
9789
9085
9726
5058
8185
491
9461
5489
7036
976
5630
4577
2520
7353
8419
2148
2921
287
674
8722
8627
6790
9234
1205
8001
260
8432
2658
1121
7149
7396
8145
8316
4779
9049
9131
9063
4138
8417
2288
9903
9380
2790
6175
5197
6489
1642
6920
3856
8749
4316
1157
2879
1444
6036
2628
9920
9599
6749
4131
2239
6230
1139
533
359
3871
4631
3915
2867
1517
7232
1803
2467
8551
3812
410
1574
5740
9159
1236
9987
5541
8523
1722
2760
5155
3509
4764
5377
4741
5781
9901
9083
2542
8707
9989
5459
1362
8317
5050
467
9370
3083
7362
1369
8885
1665
6504
896
1563
4938
5028
3826
2302
7616
6537
6089
5871
5843
2522
8078
2839
8541
7279
5734
6184
3970
5507
371
2538
5643
8418
6130
2614
1206
9676
3543
8640
5499
2862
281
5039
5397
3594
9897
1869
952
8830
7389
9355
949
1778
2653
8270
4015
10089
7063
3862
9160
300
3065
9120
1523
3677
1389
333
1915
4544
1735
2905
1596
4806
6679
5148
4865
4413
2824
8035
5200
3018
1373
2348
5894
5458
8340
639
6347
9801
7101
2689
2872
4613
7571
5324
598
1506
5943
3780
475
9855
4818
7614
2254
2182
1737
1487
1071
9963
1204
7806
9332
5192
251
9691
7843
2714
8855
6787
10158
8909
5658
6757
8784
10134
1290
1062
4670
1624
5939
358
4830
8014
7241
7604
3419
752
4462
6667
444
9122
8149
1216
8868
7482
3293
10130
9715
4445
4494
1356
5121
2450
6759
6879
1652
8915
13
5572
3692
4006
1258
4199
6467
5809
554
5295
9685
10073
2135
1437
5285
4481
3995
2686
3682
5281
5980
5710
9684
4155
5374
4698
6157
2264
9302
3345
3324
2545
1432
5932
4655
162
1817
8801
5554
2535
3945
8667
7836
4235
2608
5814
7617
1528
5069
1804
7928
8493
1222
6732
6227
1230
7657
4472
7684
8107
6139
10207
9369
5813
615
9809
9145
5550
8578
4460
7861
3922
8992
7210
9704
1239
4808
2116
7086
9017
7773
391
9284
6320
7999
142
5229
106
1132
8126
6483
1526
8605
7595
4491
1386
5451
6193
9948
8253
10036
691
6572
1677
532
4495
8233
556
725
8515
8379
9828
2558
3227
6334
1090
10053
654
7003
7648
6373
4300
1503
1880
4531
5406
9915
5829
4860
7709
8462
4658
4360
5112
6488
6866
4402
787
4493
10167
9051
4041
2131
2062
127
3639
4313
465
9746
724
1951
1477
10034
4953
2083
3500
234
9288
579
4662
343
123
2358
9518
5034
4485
3840
5045
795
4713
3944
7844
1843
2402
4163
1507
3098
7288
8863
6624
2945
885
2346
9842
9389
1416
6673
7865
7330
5845
9538
5759
3693
10049
3024
8887
9062
9621
2194
749
6789
5986
8600
4393
5182
1852
9027
6783
6374
5570
9390
1542
5672
8374
8668
5597
1519
1138
1584
471
9570
1871
1435
4365
1170
8325
1379
3538
4083
3798
4048
4229
9196
7971
534
1193
6460
572
2151
210
1467
6603
4532
5862
6221
9316
3140
4873
3581
679
9955
6726
1221
9847
5831
6337
6287
9677
6234
5571
5164
9751
8936
4295
8142
2477
7460
8415
8893
2868
7019
7966
9579
9099
4721
3566
6956
1576
4288
4866
5856
8835
5591
1339
7402
323
4289
1399
6448
5806
2459
3898
3925
6142
5480
5491
7647
3361
9895
7157
900
6380
4000
7877
1433
9959
6943
173
5854
8371
3148
14
6613
3694
6231
379
9230
3948
2996
9625
3671
6817
6283
9007
7983
5179
2361
1114
8086
5948
220
5767
6210
8727
1329
5947
9937
1948
8582
4073
902
1162
1696
2577
2219
8191
7593
4232
5629
5305
3593
8401
5614
7561
701
1415
6156
7264
1508
6505
7318
2579
5302
2160
4955
10063
1554
8179
3787
3658
8064
3827
6295
9784
5181
4774
3480
5105
6164
6111
7700
8237
6314
8067
1143
1208
4326
6498
7271
7636
7205
2752
7635
5475
7810
8794
9958
8342
354
8952
2811
6427
3006
7327
4409
6135
6553
8012
1411
9871
7184
3881
1705
4301
7177
3705
8295
1935
2817
6185
9158
8070
943
9816
5670
8288
7940
7283
137
1347
2661
4187
6425
7606
8710
6300
3635
1719
2665
9985
2907
2687
6266
2077
7594
4166
1036
2546
3675
909
7140
4111
9651
6622
1918
8769
5268
7095
5732
6517
347
870
3965
1648
10043
9097
3094
535
986
8701
9335
1260
8177
4340
4359
7111
2258
7471
7174
9041
7285
3574
7749
6363
1385
5450
542
716
6813
8442
1278
3456
1323
5558
7623
4045
9273
4251
4758
8650
6071
1672
337
2069
7087
5216
247
3531
5815
6531
432
6162
1710
719
1555
266
2848
5000
8274
6973
7021
1084
5092
7227
4148
7632
2933
51
1612
2556
9209
9882
3414
7313
5525
4802
9351
7641
5445
77
4093
8226
5864
10146
4700
2915
448
1792
8581
854
233
7874
7677
6024
7563
1739
9956
7187
2657
8660
7028
8609
5404
2992
7479
7652
4309
8839
4805
6176
7081
3949
2530
2004
5198
8516
7310
1161
3868
999
6636
6434
4226
6670
5270
1942
3727
2364
5821
2343
6686
9084
9356
8628
6435
2617
8389
1434
8867
8029
969
1939
2436
5361
4357
4645
826
9287
1470
4848
8755
7117
8910
7245
6225
9432
6708
10137
7298
892
1995
2109
1974
9327
1100
5398
6213
5329
4744
2016
7575
8723
7752
4751
3505
2851
1657
322
7329
9657
1286
6025
1073
2532
1141
5728
457
2627
427
2086
3111
5437
1855
1037
1847
9259
6284
6001
5909
1984
4354
3226
5077
8483
4510
3800
3565
5935
9283
3896
5424
5770
1490
6041
8576
8138
1098
1331
2347
6466
6736
793
8141
5090
9454
7973
4142
7637
1578
8470
7562
2359
1346
901
954
2917
1564
5495
5936
5859
3912
9767
4923
3256
4180
5348
8662
3010
1670
8594
5238
8607
8948
489
9107
5252
4252
6936
1187
4487
4120
7609
6630
7746
3303
7125
2282
8714
7591
2334
6925
3118
2461
4666
761
9791
9781
4425
3641
5887
3637
4714
1133
8920
6367
3722
1992
5851
5858
1051
5473
4078
2423
3352
2446
2842
5648
906
2227
6123
4325
2092
8890
7223
5642
4975
7414
9659
2218
743
4635
22
2386
2209
3955
4105
9256
7524
10044
3485
8278
7277
1398
1191
2803
2514
6084
921
2820
4004
3316
512
5101
5414
7346
9933
8471
8999
1796
8899
2395
500
2578
2013
7419
3695
8665
3090
1009
738
376
7631
1306
10175
956
6102
2645
7316
3150
8716
4419
5952
6565
8545
3313
8934
8823
7280
6197
1663
1228
7542
5911
8760
8095
4005
246
2111
1969
7133
3528
9973
3734
1759
3159
7146
5432
9603
8279
6167
1023
3141
7477
9669
5694
6593
5384
3811
541
4206
6809
8681
9075
2908
3768
8322
6946
5585
6229
6250
4730
9086
2146
6655
1116
5052
727
692
2407
3045
2189
7601
10122
7523
4931
7194
7998
4084
1957
8987
1619
2743
3989
7722
7349
7504
4135
1424
933
10009
407
9674
4042
7535
9851
3488
3428
4541
9289
1695
2267
6600
2613
6087
868
4667
1243
3890
9874
5401
5632
5380
2445
3937
4113
3656
6004
7048
1978
4154
8076
8883
6987
8121
7536
5119
2071
4140
7658
5327
8559
6522
5645
5310
1829
3805
3497
8688
10141
1111
2149
4669
4503
5482
3458
715
8105
4567
2888
9531
8433
292
2225
3155
9561
3523
9498
1890
2670
5616
4664
7469
1310
253
6013
6055
5528
2252
4285
3387
6907
2694
6307
1595
7224
8615
10152
4720
7031
7476
6031
1376
4726
5048
2727
4753
7076
2898
8247
565
1658
8297
8807
8259
6219
8024
1878
8680
201
9304
383
828
9212
8666
6794
4249
7425
2934
7526
6589
9875
7621
4671
942
8224
1319
2211
9021
869
2543
7869
5988
7495
3524
10123
3612
9593
2015
4499
7188
9864
9065
872
9720
5225
8491
819
2518
1301
10103
3268
9396
6217
3278
6236
3723
99
9314
8939
3745
7130
5800
9125
5211
6456
8482
4304
1307
3831
6105
4995
2351
4840
3262
8895
5239
2717
9908
7702
506
8924
765
816
5885
6828
1617
1655
1451
3791
3220
6358
6725
8302
7706
10094
6621
205
5080
1082
8706
6953
1353
9206
3164
9511
7519
9421
2641
8455
194
814
7741
6604
2193
6609
3860
7997
9035
7753
2409
4951
4892
6405
8571
4372
9431
9123
9412
4177
2942
8981
10155
4327
2560
960
2990
9672
3983
7931
3280
8366
7679
8119
9281
6298
861
3789
6994
6468
5518
7597
9188
3895
1178
1718
2205
6744
1707
871
2565
3820
2759
5546
3929
10101
860
8344
9630
5796
8831
3501
6938
5298
9081
6192
7375
2988
4474
4035
9191
3687
2333
7875
5033
9635
3810
9411
3069
2815
10
3740
6982
4121
10211
7898
7399
9418
908
5231
2864
1530
245
4746
6710
5763
1810
8473
4090
1780
2233
8908
9420
6082
2425
382
3180
7858
7446
1525
9949
5356
440
5604
8876
1068
3575
2509
5599
1123
5968
6830
6454
8818
1447
3878
7464
449
8030
1324
6383
5303
2773
7863
1970
3611
9820
9679
5568
2429
8137
5262
7454
9562
4974
2107
8564
8199
9150
4644
4601
10100
2283
2900
4756
2470
8967
4909
7328
7451
8873
6874
7695
332
7959
6766
2885
3999
659
8531
6154
9417
2213
1689
3503
8464
7260
7386
3504
8411
7866
1378
10116
1816
3168
1242
4303
7639
3436
4459
9582
7605
7856
5933
7651
3014
9299
6547
4286
8808
8689
1790
3204
8555
8499
2517
8913
2856
7737
9632
2691
7231
3079
5801
2876
8148
3859
6873
8971
6189
3116
6360
186
7710
10159
7370
10076
1726
7885
2878
2563
156
211
8034
10145
2391
7666
4204
78
8410
4893
6273
80
2602
1745
368
9569
6312
8692
4438
2794
5526
9563
6719
2696
3198
1234
6576
5440
920
7733
3305
4697
5637
7094
8926
5946
4770
3248
3738
4057
3996
1600
6712
7588
3112
4649
5703
9718
671
6479
7301
188
8318
1334
6960
9154
2982
6737
904
8046
4408
7463
1945
2439
10187
2584
4001
320
1854
1150
272
169
6672
6544
9549
10041
37
6648
6934
7552
81
6119
10166
3452
941
5993
1777
6253
8122
1865
6984
2465
4137
1201
7661
948
687
6000
1690
9134
7096
3908
8827
6591
4315
1400
9033
4621
10115
5850
7655
7122
6165
1388
3430
5749
6432
24
9833
4800
3050
6137
2682
1647
2269
9829
8077
515
3761
5970
355
9547
3562
8394
2487
6677
6615
7580
1785
8547
5852
802
5205
7261
3631
2568
9053
8428
286
4999
5752
7422
9716
4396
5232
6802
7943
1265
1879
7159
7178
8017
4505
9626
8323
2525
9944
8011
9227
5176
2032
641
8478
6356
334
1896
4079
9195
1583
7805
9535
4007
5359
7132
876
4989
627
4380
8984
2088
8998
8488
8161
1343
5136
2607
4260
297
8053
5945
5062
3016
10156
6114
2580
4428
1128
4588
2692
468
215
7830
6056
9433
3909
8112
7278
3525
7325
6792
4681
7989
4706
326
5771
507
748
1146
4483
9477
353
8010
5583
6257
776
8353
3749
6980
4193
7252
8766
10066
6304
2301
9912
1943
9927
4817
7566
684
7778
4021
1752
8825
3427
7529
6322
1403
2853
8833
8129
10200
6328
7491
8928
10005
3984
7014
5754
5408
3304
399
5874
7461
1112
1621
7209
9750
1345
6990
8243
4281
3435
6756
6331
6028
3454
1671
6668
2994
9361
2422
530
63
6172
139
3392
7418
5107
10054
1148
4934
2463
5158
8768
3824
6837
778
624
6580
4727
947
2507
3886
9465
135
5652
9455
9428
9136
5407
7039
2582
3482
3730
5818
3502
209
8056
1002
9947
9398
261
6660
7822
6626
2438
6086
9104
153
2427
7144
4034
1545
7179
10059
7958
6294
1168
487
1800
9517
1987
1766
1683
5490
2166
3358
2597
8031
3588
5466
3376
9401
7054
7729
3609
2204
2501
10008
4094
8283
2256
6306
916
1271
3348
5203
121
2644
3867
4338
2636
2625
1361
4596
5835
4106
5472
7052
4980
7980
8025
3921
8649
1381
923
3788
8385
8575
3027
5469
9008
8023
8298
4028
768
6776
5577
5958
455
4476
6409
5462
4545
7392
5733
513
9554
7511
1481
3729
8535
4371
6492
2187
7493
6722
4101
2893
4816
9333
6525
4454
7740
9792
5071
3513
189
3610
6742
5247
6457
3864
3894
2664
6357
2998
563
6840
6676
915
3589
4210
1117
3195
8697
9967
5579
8204
4620
1492
8453
2648
4478
2370
4616
8821
1886
595
9201
3721
4498
7393
6198
8726
8074
3275
4734
8976
314
1227
1834
8629
974
6338
7226
497
2043
5973
2178
95
625
4525
3902
6267
204
3401
7498
7207
817
4432
9946
1755
9905
3246
10006
3620
3395
2547
1534
797
7626
9893
8437
9405
7447
3700
6345
7848
3417
454
6127
2699
4277
4274
5104
2688
7558
7905
9545
4883
2226
4209
2036
3319
2383
7904
3450
3552
109
1539
5915
3192
9469
4661
4489
2390
4257
1044
352
131
1926
788
1459
4350
5979
632
6846
9932
4052
3592
4937
1899
218
1938
7934
6578
1165
6896
4783
8120
2482
10020
9756
6124
10136
3115
10090
1267
1973
3238
6816
5996
7507
8403
9245
3109
5185
6528
8033
8980
3317
9512
6159
7143
8159
3166
1782
3689
338
1819
1184
1773
2943
2103
9003
3647
8484
9132
8210
9451
2050
184
3326
3254
4444
5718
5015
8406
9493
2955
6023
1627
262
8524
1262
6277
8176
9972
1106
7969
5026
5243
9788
5900
4634
8795
1532
669
4196
1681
182
4027
9640
2695
6168
1155
8407
4819
10119
3678
9189
3615
6340
9595
628
9349
7854
6671
3184
9757
9583
1610
2495
680
9994
6945
6387
213
6478
8725
5367
5152
9501
6048
7544
4693
9173
4676
940
9141
5888
7736
7785
6183
5883
3917
1673
7967
502
459
6060
3411
3808
6772
3990
4401
3191
9773
1285
5094
5774
887
6778
7948
8285
8458
4012
8015
6598
6365
8032
8847
935
7345
66
9301
9509
1305
1365
7846
7470
5255
7383
9138
7374
6059
5735
5134
603
5388
601
9029
2499
6566
176
2457
6240
5739
3957
474
1650
2292
1159
545
4265
7680
6012
8927
1092
2417
6926
8820
6993
4222
1078
7545
7108
2764
447
6704
5111
1825
8502
2055
7423
8763
2649
4575
2263
315
10170
8700
6160
4650
2060
1645
8633
1330
1049
4331
2261
5657
5488
229
2000
2758
6877
8669
1226
9452
1977
3059
2903
7216
6502
4066
2278
6971
8026
9656
1893
5439
1154
4388
9391
9279
82
3618
8864
1059
7049
7486
1158
1884
8392
7009
1498
119
2108
3750
431
2829
621
5014
4279
3172
3936
2352
6090
1921
5313
677
1651
5075
3060
8589
2426
4969
33
5175
882
5156
256
10026
7061
9507
8476
6342
5820
2626
4633
1144
7521
4570
3573
4071
2081
7787
9221
9568
5531
7196
772
5059
681
6344
2273
2974
2442
5848
6051
5836
4291
2451
8753
4784
2889
3644
6484
171
3690
5787
8698
4752
9802
9253
6824
4451
6623
7726
7182
7691
250
5689
737
408
6138
476
4803
6849
6675
5575
3235
1016
4609
2199
2012
10032
1250
7514
912
3373
349
2667
7870
8639
570
3931
4353
1795
9042
10102
8721
1536
2922
3703
3743
2393
9818
2639
2207
9572
3546
6543
2896
6910
10177
9194
8335
709
6181
2113
4582
7624
5516
3904
2485
6592
6965
6519
4888
7534
7665
2723
1108
4863
6401
3153
4436
4216
6635
4223
849
4539
8690
8568
4287
2786
5808
7942
2772
6021
4977
710
7066
9590
6155
6683
9810
6388
1172
9983
3232
7255
9073
4718
7592
2471
73
5785
7901
1511
5907
9633
760
1636
10035
7312
5722
8866
6575
1805
9794
10171
9236
1395
5612
1308
7789
2906
7793
6220
7398
4546
4014
1565
9386
48
8880
2206
6146
157
7970
3568
10031
5125
10016
811
340
4826
3706
5886
8324
6368
5536
2021
430
9055
5162
2880
6235
807
5766
9114
2860
3129
3555
8424
7400
3335
4809
4949
832
6395
8085
8644
481
2963
10188
2886
3837
5716
4772
5608
8383
7339
7900
9766
4395
7981
5698
158
3892
612
8603
6178
3584
1985
6049
160
1039
1687
8705
9341
8448
339
5762
2986
6770
4136
6650
345
6396
5086
2350
5078
4234
9450
2709
6928
6948
9374
4678
9601
3365
5617
2412
1026
2513
3828
1593
6687
87
1674
9224
7965
4742
9115
5663
8287
2654
4838
9724
4305
12
1989
6680
4373
8888
3634
1730
7156
8256
7640
3370
2874
7265
1124
4085
3479
7046
4245
8742
416
3397
3167
9490
2569
3266
4611
3330
5084
6872
3539
1885
1003
7920
2110
8263
1733
4456
6451
1967
6422
1313
8828
9473
8542
104
6545
7467
1179
5773
7548
1826
9424
3685
7171
5804
9168
3491
5929
2768
8225
5520
1772
3340
3785
5503
9483
1460
9499
290
4441
4480
7424
4003
4141
6529
9187
666
2745
8123
3121
7023
5551
4852
3753
4116
7380
7391
4627
4603
5167
2268
7717
736
2382
2940
3036
6428
1110
10098
1631
8972
4684
8670
8661
3398
7371
2038
6174
9006
1509
7871
6034
1478
3967
2521
3643
6562
7213
8762
6293
5199
7757
5291
5346
4562
4962
8572
2303
1363
6050
6348
5872
7919
9094
9102
5607
3377
41
1440
685
6392
1660
783
7047
145
2506
3247
1846
6327
2720
3139
4508
7078
348
9257
94
3267
957
5685
6587
3784
4639
6353
6819
2489
2620
7341
7499
5729
1011
5089
7106
6336
5524
346
5315
5961
5261
5926
9285
2068
5764
9436
6857
5106
3888
197
8929
2354
7413
6032
7944
4754
3650
8188
1462
7584
8897
9629
2823
5684
6106
8139
7945
7250
7525
514
1639
7882
9082
7045
1958
9459
1050
9442
10178
7560
1176
8242
7151
7909
3328
7102
5328
225
9650
226
925
4224
4680
5748
4433
7663
9845
3145
5003
9524
8691
3483
758
6669
2141
6850
3197
3481
97
9067
3105
311
7103
8759
4602
4077
4463
2127
4264
4030
3630
2672
1241
5621
8414
8593
1354
4117
1355
1316
6641
271
841
183
4259
9378
5791
1312
7195
2593
3467
609
5529
9654
1292
3532
8330
2767
3396
4429
1055
4240
5959
1096
9503
141
6497
2493
4537
676
7683
235
1277
5560
7748
714
2311
9559
6513
10129
821
931
9434
364
2742
477
5951
5737
3667
46
10010
853
8212
5029
4677
4766
2242
9016
2970
8901
3237
6688
1895
6252
5330
5914
6398
9628
10000
6801
3165
523
3251
881
445
6113
9552
6781
2762
1135
5606
4573
2169
6044
8220
3858
3271
31
1452
718
8271
7109
3103
482
5593
2919
1661
3998
8345
3208
5964
4765
3405
5576
9906
310
9902
7689
8088
6507
5824
1797
550
4694
517
10120
7416
9607
4653
4699
3836
6037
32
5131
8694
199
5336
4943
7455
7287
108
1830
6281
3205
7859
6905
5938
8182
7568
7010
5618
8280
2174
2827
1599
9074
2976
3506
3469
2810
3732
5651
6590
8230
2104
9100
966
3799
8676
9924
1864
2099
6656
6685
9998
8451
7284
7289
3137
8109
6818
3052
1497
1422
918
5333
5463
3368
537
9088
4629
2037
5702
560
4581
7528
5429
3412
110
136
3209
3607
1045
6501
7347
6136
8955
6966
9399
5272
8135
3393
7714
7676
1190
9753
8250
5989
7212
5286
3478
3001
4885
6985
7899
8583
4176
9662
8395
7618
8613
6474
9130
7480
775
4686
1809
6486
8562
10142
1458
2339
4306
3855
5705
2622
6063
9320
5196
5307
7532
3041
4876
1994
3874
342
9868
9693
3869
605
4922
8553
2630
9732
9133
6643
8914
1025
8961
8349
1682
837
3420
3764
7725
4283
6750
1923
1837
522
7820
5837
8479
8359
2238
1401
5345
7930
2765
9367
2093
3385
1393
2428
9551
1769
1557
2635
5378
3496
799
1849
7975
1095
7475
5537
9786
2967
284
9324
8218
3653
4443
1245
2526
830
415
1529
6370
4731
6942
4591
8234
2230
6508
7917
1725
9098
6303
9696
9596
1741
7367
9536
7576
6585
7979
4925
3625
8789
2972
4374
998
4314
429
673
4213
6397
3089
9761
5244
3720
9914
8293
5919
2251
3057
2999
2660
1024
3927
3795
7583
8060
7369
3177
2296
1251
2179
9089
699
6764
6859
8232
5695
7585
4020
1743
2946
5941
9886
3737
1237
9419
3683
8761
8388
7026
8290
2440
8063
5271
1594
6888
3422
2272
7812
2005
934
7404
5319
9993
5930
4384
7202
1456
2983
2552
10183
8450
5615
8919
2153
9106
4188
3654
8652
6577
965
2500
8022
9267
6597
1933
9265
6296
6958
236
4024
4107
5704
2360
4167
9119
4333
3765
7344
10015
552
4872
3558
9748
8636
7005
2590
6245
8028
2357
228
5085
7968
369
395
268
4517
4169
8708
4468
9458
4038
7598
10213
350
2154
7764
5795
789
1798
8809
7646
7756
8239
2740
2554
1701
7760
2698
276
5267
1035
501
6026
7873
8829
4850
3901
9969
703
4956
5992
1043
3928
9768
6006
4911
7586
4009
7417
2777
9200
2019
6751
1405
8125
3792
9364
8949
5925
8879
2726
1848
8498
9218
243
6918
2255
7239
5036
1913
6894
4405
2295
2701
5301
2979
5727
4321
8865
1177
3801
4842
1746
962
9602
7293
7527
9184
521
6780
4950
2133
4982
8299
7687
6944
4407
2716
3585
4098
8081
74
5634
3666
53
2326
1223
4185
7924
9890
1579
5141
5866
5640
1858
9854
3918
7976
2237
6558
569
4322
406
4310
7829
6316
10131
6496
6605
8445
3924
7880
8039
5501
2738
562
7441
4781
3055
5008
6280
858
9866
6016
10168
1625
6098
10065
6019
4858
7988
4037
1145
254
7613
1961
1284
6039
5277
8487
852
8144
4824
1327
2449
316
5962
263
8494
1500
4421
1461
6417
7723
3814
10157
4039
6642
9714
8240
637
741
667
2056
2502
3210
360
9636
9808
2600
7611
9612
3265
6608
4452
2561
1482
377
6402
2048
3403
6375
899
5146
8190
1104
9892
6743
2229
6215
8241
374
7307
8080
5498
8057
9910
8376
5444
5308
8687
1182
5479
3847
5810
7628
1040
4992
9489
8675
1130
5297
7839
5326
7204
686
4112
6326
8862
3367
3034
1927
4055
7448
964
8463
5245
2047
7701
3511
8108
6324
1607
8923
9721
9648
6760
7819
3125
83
604
3963
2472
7337
7818
4940
1919
5625
5265
453
1034
9783
4555
9071
9415
6436
8800
7198
9152
1585
3596
1169
5676
6271
238
7388
4019
7381
903
2163
3980
571
5940
9520
6081
2710
9275
3407
469
4217
4864
3590
1485
5160
2144
434
4092
3835
2932
8221
1005
2652
3287
2832
3952
7849
7841
815
2138
5707
8770
7029
5659
7236
2220
4179
7431
5730
7615
9057
5087
10051
3623
168
45
5446
3519
3726
8557
5833
4482
6730
7240
2327
877
9276
6700
8361
9095
5448
8702
3253
6057
8683
4241
9700
4647
3716
8346
9558
7713
9839
5783
313
10160
4087
6153
3221
9992
8558
6239
970
5985
3093
9124
8536
3131
5007
4040
8849
180
8162
1153
7002
1338
1520
4406
2030
1032
8251
3527
898
6586
4162
9264
4834
1008
7044
7219
4465
3187
5357
6773
9318
8362
3306
7816
3274
9244
7842
293
7674
3072
9663
6665
873
3986
3817
9741
4801
756
5114
803
1047
5975
1229
5497
4790
7893
10017
5849
9860
6954
6718
3587
2570
8492
3802
10197
7926
616
5209
7711
658
631
8588
7500
9734
6935
8765
2300
6260
3477
1669
4378
451
6932
3322
6330
9943
7902
9296
3037
695
7105
6494
2488
9096
8296
757
2201
2289
6763
9703
8328
4336
3130
8197
4522
44
1113
985
3332
4248
2490
8175
3171
4276
851
8266
1524
2918
3086
8118
6188
6499
9449
9467
8740
3126
274
5013
4254
4228
9687
3425
7121
5556
7520
7291
5282
4212
9000
499
5233
6482
1321
590
115
6856
2643
7581
303
2074
820
2246
7776
7282
2566
9334
1543
3899
8
8090
6713
6887
7377
4379
39
8236
7838
6035
4736
7660
4211
649
3920
2642
9588
2164
8877
5180
2444
212
771
3219
6469
8326
5147
2003
7518
4383
7907
6811
7771
3891
5235
7331
3178
1715
7317
2637
1127
1908
7774
9831
4552
713
3586
5811
2573
4874
7992
5721
4946
9409
4954
9667
5402
8214
3245
5819
1441
7747
5756
4761
6200
3582
2215
2475
7629
3236
8038
1152
433
9710
6996
4497
6758
7878
4553
3255
6620
9984
7050
5362
7488
3453
3907
4660
1080
2082
3176
9183
8360
3263
5396
944
599
2892
6978
4733
2531
6876
4381
4011
5622
1384
4527
6015
4017
5955
2828
6152
6209
7185
5566
8657
7268
3946
6272
2826
4376
7338
7000
7811
2057
8181
5011
2304
5834
6567
1001
5977
393
9460
9337
7547
5253
9015
1488
1489
9255
2883
5778
7
84
6915
5636
5194
3744
7868
818
3664
2262
2275
3731
3042
5912
3790
6555
9873
4791
464
7427
3020
4674
8782
4312
8192
5296
8645
4990
5221
5210
5352
9643
2314
1747
5453
7181
5130
8556
3081
3003
5375
10072
1166
1501
8731
3850
1510
4811
2861
596
6539
3389
4966
8655
1591
4642
4793
2217
9611
8213
8168
10088
10201
6315
2257
8509
8837
883
2659
3092
4218
7246
8912
6440
2581
9964
7884
1474
3684
3699
8719
2167
2192
3431
8098
4894
1439
8989
5600
9652
2937
6869
2795
2818
367
7791
9440
3459
5991
177
2486
3512
8528
2419
1742
2684
6882
2719
1993
1975
650
1428
3713
7799
3234
2125
9352
704
843
3905
905
5072
9156
6011
3149
3707
1727
5041
3832
9995
829
4072
10093
3354
5055
4417
7300
7512
7790
5760
4624
10143
9803
1833
9303
5102
2067
825
8573
7270
5611
8606
3926
1828
1476
325
2741
241
4927
5838
973
519
1912
6246
5023
7387
5004
5477
8903
9362
9220
8456
6275
9780
7607
5687
5065
6366
9426
9730
3605
8858
2947
3854
1950
4534
8586
9231
9478
5832
2675
3942
848
7263
5206
8942
7744
6070
3602
1342
6583
9848
2624
2939
5423
1675
8332
8336
8775
4058
4192
6187
5786
1716
3298
2002
1877
4184
6255
4890
5311
9182
6096
9043
8435
5923
4449
796
1887
8061
5137
3307
1299
397
5641
4086
6325
4352
7259
8124
5846
1744
8696
6149
460
2380
611
7543
1004
9468
1801
9422
1991
6829
8870
6420
4978
9052
10212
7541
7886
8174
6922
2669
2277
2452
3932
3815
1598
4757
2454
4108
7620
7438
3384
5191
526
3646
4311
7792
4538
4625
1317
9488
3279
5073
7772
30
9295
3334
7462
4050
1333
6520
3885
4837
7645
6022
5046
9261
2930
9673
8979
6717
10028
1175
8380
10018
6117
9917
7466
1872
2
7501
3853
8338
1142
443
8276
4103
7911
5508
8215
6259
1115
3767
7314
2284
561
1944
2591
7129
1571
2341
587
1291
5720
4740
6073
5700
5867
3883
8734
5389
8580
3445
9025
914
4652
4328
2029
1466
9729
35
5893
2028
9342
6596
1547
4543
7452
9311
400
0
1212
3549
9376
6720
479
6385
9050
9950
3709
3212
4486
3760
1512
4564
4798
5366
9592
2793
4053
4728
3068
9591
5723
6865
4554
9589
1189
8916
423
8170
1845
4988
1394
8990
4831
5769
10046
10069
69
5777
4099
9291
9909
2725
9894
1351
5750
7831
5665
8160
5755
10164
7211
1686
8449
937
7728
2865
2619
8351
9502
2936
6371
8206
4804
4867
1314
5997
4906
6088
8133
7385
2700
2539
5654
6311
23
3865
3408
10198
911
6115
3472
2799
7565
2448
1976
3321
8262
1465
651
6061
6256
9931
2139
3665
4189
8143
7343
3816
2145
9891
1126
5009
9817
9653
6249
8249
7365
7986
5142
5976
5863
4389
8429
7281
2598
5415
3218
1956
6607
1273
1731
3642
977
6254
8016
2866
4329
1199
3349
5393
1042
1021
3708
2916
2891
3441
7692
3599
6362
6191
10050
5744
8384
7891
4415
7162
8173
4391
8975
4293
7326
8408
9111
4905
3160
10097
7085
5715
7883
5190
4319
7721
4509
8409
3261
879
3670
4341
6820
5530
6741
5515
8798
2338
6196
5662
7503
7155
9980
4782
8314
3645
4654
9719
3142
2978
291
3174
4513
330
3632
267
5110
9533
5457
3128
8872
7783
441
10112
1763
6908
9618
5512
6595
3151
7335
2462
5293
1249
192
800
8906
10149
9806
8059
5865
5661
8202
3231
5474
6666
5290
4915
6933
7358
1203
4832
6043
1304
5884
2377
4446
223
8301
9054
6689
4796
7384
7378
4586
3559
2784
1209
3032
6078
6774
9005
5679
2629
1194
3717
846
4418
708
2708
3554
4747
4201
9765
8778
6216
2668
7126
2926
4735
6752
7238
3015
2756
7359
6126
7465
7033
8651
2712
6911
4317
396
10081
8369
1438
2181
5789
2376
1093
626
2536
5574
1012
9365
3272
2846
9069
6518
5122
9004
2977
7440
5266
7672
6940
2157
8272
5081
5354
112
9688
4829
9546
3988
740
3473
4109
2928
5678
7963
6616
9066
5624
4233
5532
1261
9315
4230
3715
2761
170
8490
8368
1902
7815
1767
8886
4194
9153
7064
27
7952
9825
9377
5686
2161
10185
955
7862
3183
1337
5699
675
2027
1303
3704
4895
7319
1325
6709
9213
7835
577
9233
9951
7395
508
884
2344
9313
5588
6611
1268
6662
7104
7913
1894
3875
8094
7340
1377
4263
2671
4266
8051
4060
7653
8533
4100
9814
6355
5527
6462
2993
8286
16
4258
6627
6251
6205
4236
10079
5602
6875
4526
10180
8611
5436
8364
3510
3876
7685
4346
5840
6983
7610
3058
113
9293
3829
9644
3295
237
1486
9999
6237
2018
4091
7895
7406
1781
2679
1246
975
2524
7070
7775
3277
1679
4126
8565
8563
6054
4032
5610
1518
4637
6010
7860
8788
1328
5603
729
504
1756
4435
3470
472
9237
1074
705
100
8207
3432
539
6782
7857
373
5074
155
6769
6952
7767
4484
4617
8273
3755
1407
4881
7228
9708
5683
5476
10106
9841
782
2956
6045
3906
3344
4947
2973
9827
1504
6832
862
6129
2095
4717
1085
9239
7015
3889
1149
6195
2557
8311
9044
4569
9966
9193
8943
8304
4868
4748
5372
4749
6909
6698
8434
7024
9118
8055
7197
4941
5054
5552
9798
6701
362
402
67
4156
7458
150
7077
5343
4572
5332
1775
3423
9940
584
1757
8561
3981
3930
6696
7596
4299
6705
7739
5841
5660
614
3598
6833
7699
4958
645
8647
7972
7320
780
4595
89
6258
6753
2735
1924
2515
6847
1630
3382
7221
4597
6581
6038
8211
3465
3404
2610
5587
2894
4076
1605
4069
5675
3152
3822
10056
4191
3063
7299
8248
9435
867
9179
8079
551
9605
3676
4679
3495
8991
6511
8544
8391
2293
3302
2112
295
4430
446
8579
8530
4516
5410
5899
2171
425
6702
6552
2731
3162
1072
4278
9534
8843
3960
5927
3545
4362
6692
7823
662
4298
5368
5547
5731
319
9566
8155
3742
8783
312
516
240
9495
9013
4523
739
2051
731
5236
4663
10127
1998
5223
6058
5202
7840
1552
10196
7168
7889
9486
2746
5428
8816
7845
8238
2389
2747
5322
4031
1473
642
4854
3066
6244
7678
3163
9752
3202
2841
7478
1318
3777
3273
9666
5822
9819
8802
7258
9347
5582
7191
7296
8099
564
7012
4690
3940
7762
1368
9354
9034
6903
3386
8585
3085
3028
588
3548
5226
9223
7412
5879
3078
9678
4246
6470
6964
663
3157
5124
8165
3053
6017
2079
3062
2899
1867
6574
9929
2749
2951
7322
3070
4355
2007
3029
8043
7484
9357
1496
3796
6477
8966
5022
6430
7622
2958
5108
3323
8178
1626
3299
308
2084
296
4912
5129
2150
8003
2142
2392
4022
5318
4469
6981
9161
1623
1575
9165
2663
9962
6094
5690
3701
8163
754
2298
7786
10003
9215
3429
7492
2510
3910
6560
6202
9665
4330
8965
3170
1101
6731
2855
5906
6550
6921
5068
6644
8347
2780
7030
9813
3746
4144
7203
1732
4151
8040
8229
5385
6599
8500
8045
5172
9938
3325
2280
3935
8004
10060
5539
4807
9306
2912
6450
1309
8106
9877
3193
3388
4672
5758
8452
8786
4122
2605
5956
8425
2640
6453
3061
7496
6408
7323
1147
3636
8911
9609
8799
9427
7533
1541
462
4202
932
2770
968
2214
6418
5857
2728
5220
8896
4979
4932
1678
3106
7166
2611
6439
558
5805
1964
9911
8974
5605
6633
10027
8860
8604
5578
1680
9735
8859
1708
3088
6835
8254
2260
4762
1183
2318
10117
7254
7800
8115
2755
1033
1616
8008
1540
8444
1561
3803
7333
3711
9410
2197
6194
8373
3357
1841
6475
2527
4023
8730
9163
7112
8659
1615
6404
6423
3773
6992
3288
2763
19
3449
4403
5038
2854
9853
8884
3698
3686
6699
6224
866
68
4068
3757
5496
3804
1883
8653
3223
2022
3040
2322
9717
2175
8465
252
8294
8777
3433
6639
1031
9385
2221
2414
1010
1453
8871
7627
3619
7411
6681
8196
4827
7522
9047
6530
9604
4886
344
9290
4839
1646
6445
9573
1824
5280
1195
2368
946
3012
5184
8612
7080
9925
7761
6421
9210
9438
9368
9126
7267
880
5724
1840
4787
7434
1322
9151
7176
8506
2035
1289
6509
8695
9205
7850
5294
665
6476
3728
9770
6930
3276
8289
1586
4771
3994
3569
2401
6568
8113
1287
7788
2537
6746
8791
1257
7755
7696
5150
2787
6532
3434
2469
8019
3712
8685
7993
10039
10083
8223
7373
744
7956
9856
3186
2497
5116
2766
3782
3893
7947
9366
6968
3542
809
8836
6403
8103
5392
2342
8363
6919
2023
9594
2802
827
4367
6929
7357
4623
9045
9698
388
270
682
2394
5403
8738
6885
8244
5875
10184
7124
285
3260
2140
1632
5920
1336
1954
597
9961
8264
1901
242
5230
4013
8097
9277
4812
1793
6493
217
2094
4682
2711
971
4593
1955
5889
5921
8002
1081
10173
525
4547
6223
8018
4646
8269
5173
2319
60
9437
6323
7183
2984
2750
5269
9319
5338
3969
3442
3628
1174
8993
4095
1786
4608
4945
3897
5376
5224
55
1981
1171
4799
5217
4018
6963
5668
4458
9148
6473
5870
6878
1052
8601
96
6661
7315
9514
10161
1653
1238
9624
9222
2058
9170
4297
7022
1940
8752
7150
8027
9371
794
8504
4723
92
917
5373
734
2808
1087
456
6321
4536
2087
4237
3968
7824
6431
3133
9425
2788
4578
9646
9394
1109
6706
7506
6144
1937
7673
7027
7247
6571
1897
7017
4423
980
7057
8201
3818
2884
1808
6551
5020
6211
3011
5631
1582
8739
9040
6897
6394
10014
3663
129
4420
9087
9155
1628
2330
7308
7332
3366
3843
1952
161
5258